„30-

2) Ausspraohe dor Consonanten.

1111111111 1111. 611111111111 1111· 11111111111111181111111111111111 111 1111111111
1111111111 111, 111111111 Ι111-11 1111111111111· 1111 111111111111111111 1111111 1111111111111
1111 1111111, 1111 11111111 11111 11111111111111111111111 111111. 111 1111· 111111 Frage
111111111111111111 1111 Consonanten 11111 111111111131111111’111111111111111111111, 1111
1111111111111111111111111111111111111111,1111111111 1111111111111111 111111, ,111 111111
11111· 1111111 11111 1111 11111111111111 1111 111111111111111 1111111111 11111, 1111111
11111 1111111111111111111 1111111111111. 11111111 111111 111111111111111· 11111111, 1111
1111111111111. 11111111111111, 11111111111111111 1111111111Η11111111111111, 11111-
11111 1111 11111111 1111 111111111111 1111111111111111 11111111.

Es kann 1111 1111111111111111111 111111· 1111 11111111111111 1111· 1111111111111111
1111111 11111· 1111·1111·111·1111111, 1111 Ε11ς111111111 1111 1111111111 111111111111311111111
1111111111 1111111 11111 physiologo„ 111111 8111111111·11111111 111111 1111 131111111111113 Ι
1111 111111111111111 1111111111111111111111 aus 1111181111111111111111131111111 1111111111-
11111111 1111111 «1111111111111111 aus 1111 1111111 1111·1,1111111111·11111 8111111111, 1111
⁴ 111 1111111 111111 1111111111111181111111 1111 11111111111 111111111111111111111111111111111
1111 111111111111111 111131111111111111 1111111111 111111.- nic-ses 1111111111111 111111
1111111· 1111 1,.11111 1111· folgenden Untcrsuchungen 1111111111 111111111111 1111111-
1111111111 11111111 11111111111111111111111, 11111111111111 11111· 1111111111111111. ,11111111
11111 11111 111111111111111111 21111111111111111111111 1111· 111 311111111111111 Er-
gobnisse 1111 1111 111111111111111 1111 1111111111111111 Consonanwn 1111 11111
ιἢ[111111111111111111111 111111 111111111111111111111 111111111111 1111111 1111111111111-
111111111111111111 11111111111111111111 11111111111111111111111.

1111 11111111111111 111111111111111 11111111111111 111111 111111111111 aus 11111
111111111111111181111111111111111111111, 111111111 11111111111111111111111111 1111· 11111 ans
1111 11111111 111111 1111111111111111111111 1111 81111111111111, 1111111111· 111111111111
1111111111111111111111 an 11111111111111111 811111111111·11111111-1111111111111111-
11111111 3111111111 11111111 1111111111111111111 1111111111111111111 111111 1111111111-
11111111, 111111 11111111 1111111111111111111 111111 11111111111131, 111111· 11111111
1111111111111. 111111 2111111, 1111111111·1·,11 (111111111111 111111 11111111111111.
1111111111111111 11111111 (1111111111 111111 11111111111111.

11111 111111 111111 111111111111 1111111111· 1111111 111111111111111 11111111 1111
11111111111111 11111111 11111 1111111111111111111 1111111111111 schlagartig 1111-
1111111111111111 Lame, 111111· 1111111 1111111111111111111 111111111111 111111111111
vernngungon 111111 scine 1111 hung an 11111 1111111111 111111111111 1111 111111111-
1111111 111111, 1111111111 ein 1111111 111111111111111111111 11118111111111·11·1111111ζ1 1111
1111Ζ111131, 1111 1111111111111111111 111111· 1111211111 111111 11111 11111111111111-
11111111111111111111111111111 111 Schwingungen, 111 11111 1111111111 1111111111 ng
11111111 1111111111, 2111111111111. 1111 1111· ssrzougung 1111111111111111111111 111
1111 81111111111111 1111111111· 11111 3111111111, 11. 1111111111 1111111111111111·
1111111111111 811111111111111· 1111111111111 1111111111, 1111111111 111 1111111111,
Ι111 dass 1111181111111 11111111 11111 1111111111111111111111111111111111111 111811111111-
11111111111 11111111 1111111111, 1111 111111111111111, 11111111 11111111 111111 Naso.

 

