,81)1.-

111.1111.11111111111111111111111111111111111111111111111111111.
11111111111111111 11111111111111111 1 aus 11111111111111111111 111111111111111 1111-
111111 1111111111 111111 111111 11111111111111111111111111111111. 111111111111111
,11111 1111111 11111111111111111111111111111111111111111111 1111111 gut loennen 1111111111
1111 1111 11111 1111111111111111“.’ 11111111 1111Ε111 1111111111 11111111111111 11111
1111111111, 1111 1111 111111111111111111111111111111111 1 111111111111111111. 111111
1111111111111111 gar 1111111 1111111111111111, 1111111111111111111 111111 1 11111111
1111111 11111111, 1111111 11. 1111111. 11111111 1111 111111111111 1 1111111111 1111111111
,1111111111111111111111,111 1111111111 «1111111111 1111 111111111111111111111111111-
1111111 labialem 11111111 11111111, 1111 urspn‘nnglich 111111111111. 1111111111·
11111111 so 1111111111, dass 1111111 111111111111 1111111111111 wie dieser 1111111111
11111111, 11111 sich 111111111111111111 111 1111111111111111 1111111111111111,11111111
S. 1ῖ1 fi). 111111111 1111111111. 111111111111111111111111, 111181111111111-
11111 1111 [1111111111 1111 1111111111 1111111111111111111111111111111 1111111111ρί-
11111111111111111111111111111. 1111111 1111111111. ,1111111111111111 11111 111 11·
111111111111111111111111111111111111 11111 1111, 111111 111111 1111111111111111 labia-
11111 11111111111111111111 1.(11118121ῖ-1311, lag 11 ja in 1111111111. 1111111111
1111111111111111111111111111111, 1111111111. vorzu‘nglich geeiguel 111 1111111-
111111 11111 1111111111 1111 1111 11111111 1 zu 11 111 11111111.

,1111111111 1111111111 111111111111111 111111111111.1.’ς111 1111111111
11111 111111111111111 1111111111 11111111. 11111 man 11111 1111 1111111111
111111 11111111 1111 1111111 11111111 111111111111 1111 (111111111111 der 11111
1111111111 8111111111 ganz 11111111111111 11111111111111 1111111151
111,1111.1.1111111 111111 1111 1111111111111 11111 1111111111111 1111111115111111
1111111111 ussprssnglichen ,11111111111111111111111111. ,11111 ihm soll 1111111111
11 folgenden 11111111111111111111111111111 11111111.

1111111111. 11111. gh 1111 1111

[11111. 11. [11111111.1111111111. χ θ φ

11111. 81111111 11 1

-ὴ ..z- p„
111111111111 11-11· ·11· ·11· s· ·11· f· ·11·.

1111111 11111111111111111 11111 111111 1111111111 ι11111111111111 sind 1111-
111111111111111111111111111 111 1111111111. 11111111 111111111111. 11111111·
11111111 11 111· 1. 1111Υ 11111 11111 111111111111111111111111111 χ. θ 11111111
1111111111. 1111 11111111 11111111 1111111111 1111111· 111111 111111 111 1111 1111111111
111111111111111 111111111111 1111111111 11111· 11111111 1. 1, 11111111111111111111111-
1111111111ς 1111 1111 [iem-‹f›- 1111111111111111111111111 ι«111111111111111 11111111 1111
,11111111111111111111. 111. 111. 1111111111111111111 111111111111111 11111111
111111 Χ. Θ. Φ 11111. 111Ι 1111 11111111· 111111111111111111 ,1111111111 1111· 111111111-
111111111111111 11111111111111. 111111111111111111 1111111 11 1111111111111111Γ 111
11.-11 1111111111111 ,1111111111 11111 11111111111111111111111111. 111111111111-
1111111111811111111111’1111111111111111 gan· 111111111111111. Es gicht 1111111
1111111111111111111,1111111111.8111111111111111,11151111111111111
1111111111,ἱ 11111. sn 11111 1111111 1111111111111111111111111111 1111111111
1111111. 111 1111111111 1111 1111 111111111111111 11111111111111111 χ. 11111111
1111111111 11111111.-111111111111111 1111111111111 11111· 111111111111111111. 1111 ,11-
1111111111 1111111 111111111111111111111111. 1111 1111111111 ans 1111111111111111111111
1111111111. 1111111111111111111111111 111111111111111 5111111111111111 Χ, Θ.
Φ 1111111111 1111 11111 111111111111111ς sio 1111111 111111111111 1111111113 1111
111 111111111111111111 Ι5111111111 511111 11111 1111111111111 1111111111111111 1111111111.
11111111 11111 1111· 81111111. «lass 1111 111111111111 S 11111111 1111111111.
1111111111111111111111111,1111111111 11111111111111. 1111 111111111111111111 1111111

-ὴ
·11 1

 

