..491-

33133333 uini, 131311313 133133133333 (lauert, 33 3131333 wie die 1133313313-

3331331133 111331 313 133 Ρ1311, weil sie 311 331333333 (133311 133133-
11331331 nied. Es 1313133 313 3133131331331333113331 31311 verbanden,
331311 331311 333 5 13313313 3313131333 sollte, 3331 133 Laut 5. 131333
33 113331 mit 33313 13333313 133333333133333 nied, 3133133 3313113313
31133333 13311131, 333313 so 313 333 3 13313333131131 5. Es 33133333
333113313331333133313111333311333113331311333133333,313
1313313133, 31 13 1333331133 ,3 333133 3 3331313331333313, 1333
33351331311331313, 3133 3131333133 33133 5 313313331313
311333 11333 13313 33 3 331 ὀ 3331313331 3333133. 113 333 Bei-
131 vender 3333313311313311133331 133· ,3313333 33333133· 331 dem Ge·
313 13313133333333133133 83333133 13133 31313313 11333133113313 3333131131
13113331313331333 Wurzelvokal 5, 13 jene Wurzei 331 1331311313 133
1331133133 3311131133133 833331133311133 333 13 133 11331311 133· ,(113)
118131331311333133331333 131, se 1331 3333 3311133333, (1333133133333
133 Ν3331331133333 133-31113, H51·-en·n·iu·s 333 dem 1333333 5
3 0313 133-1131, 131. 133-33 3. 3. durch Vokalsteigerung 331· ,
13133131, nachdem 333133 33333333113133 5 133 1133331 133· 331 113-
enen Sprachboden zu 33133133131333 (s. 3133 S. 468 s.). 133 1333311313
finden winde 3333 3311133333 33133333, dass 13 1331, 133-313 33133
gere 1333 3331333113113313333 3 durch 131313131333333 13333333333333
·, 33311313 113333 333 333333331131333 3 3133331333311333, 3311331113
mein-a 33133 dem 3333 siin-ere, siin-are, 333-3133333 333113-
3333113331 8131333333 331 333313111313131331333 83333113133 133333·
13, 33311333 ὂ 333 3 3313133133 333. 111333333 winde 3333, da 33133 Lat.
x 331 3313313Ῥηγ-ί-(λαο-ς) 311313131331131331333,8333133. 333-33
18131333333 133 333331331131331133331331313 3 33 3 333313131 (s. 3133
448), 3333133313 3313333, 1333 3331 13 jenen Lateiuischeu und Grie·
133133 1133313333 33133 3133 333113113313 8131333333 133 Wnrzelvnkals
zu 5 33311331, und 5 13 1333311331 3131 3331 333133 33 3 313313333113.
ni dieseibe Schiussiolgernng winde 3333 331 1331333131313 33133
131 333 veie-are 33333133 (133133, 13 33311338333131133118113333
133 3311331 3333313 stein, 3131313333 sich 3331333 313133313, 331
33 3331 331 1313131331333] 833331313133 113333 3 33 ὁ 33313313113.

un Spraeheutwickelung kann 3133 133113 Wege 3133333113333 13133,
1333313 3133333113 5 zu 5 313133313, 113333331333 313 331 ὁ 313-
313311333, 33133333113 33313 33 5 und 13113313311333, 1333 3 zu
133 1 313133313. 13 131333 einzelnen 1311331333313311333333, 331-
33 133 beiden Wege die Sprnche einsehlug‚ 1333 3313133 1131131133133
en 333.

uben 131333133313333 werden, dass sich 33333333113133 13313
1133133133 133 1313131331333 8333313 331 133 3333331133113-
3133111313111313313311313333131 13313113 33 31 331 33 333131-
31131333 133· 131313 1133113111 113333 1131333331333333 1313313131, dass -

 

