..43-

1111111111111111111111
(8111111. Volcei. 11. 1111111. 1, 135). 8111 1111 111111111 11111111111
1111111 man 1111 schon in 11111111111111111111
malesarta 111 1111111111,
, 111111111 111111111,
11111 man auch die 11111111111 811111111111111111111111111 (a. 0. 1, 32).
1111111111 1111 1111 111111 11111111111111111111111111 111 1111111111-
11111111 11111111, 11111111, 11111, 111111, 11111111111, 111111,
111 1111 11111111111111 111111 11111111111111111111111 1111111111, 11111111
111 11111111111111 81111111 111 6111111111 Victorius, Victori 1, 1111111
n. 1. 1111111111, 11 kann 1111 11111111111111111111111111111, 1111111111
Formen 111 diesen 11111111111, 111111111111 11111111 folgenden 1111 1
1111111111111, 111 11 ganz 1111111. 1111111 111111 111 111 11111111111,
1111111 111 gesehrieben wurde, 111111 11111 111111 Grnnd in der Lange
111 1111111111 vorhergehenden 1111111111111. So 111111 man 1111111
1111111111 Vnkalen 111101111111111 111 111 1,11111111111,111111,
1111111, 11111111. 111111 11111, 111111, 11111 n. 1., 1111111
1111 1111111111 11111 11111 ssede sein 11111. 11 111 111111111111 111 111
11111111111 111111 1111111 1111 1111 sehon in 1111111111 die Annnge
1111 111111111111 11111 11 11, 111 1111 1111 11111111111111111111111-
1111111111.

1111111111111111111111111111111 111 11111111 111 1111111111 1111111111111,
111111111 81111111111111 1111111111, werden 111 Lause dieser 111111-
11111111 noch 111111111 111 81111111 11111111.

1111 1111111111 111111111111111 1111 1111 1111111, 1111 1111 Laut des
1111111111 r, 1111111111111111111 11111111111111 1111111111 Voknlen,
11111111111111111111111111, 1111111111 111 111111 Erweichung
zugunrl 11111111 Umschlagen in 11111111 111 1111111111111111, 1111111
,1111111111 11111111, 111111 hingegen durch 111111111111 ,111111111
11111111111111 1111111111111 111 111111111111, 1111111111111-
111111 11111111111 111 11111111 11111111 1111 111111111111
111 1111111111 111 11111111 1111 1,

111 11111111111111 111111131111 111 1111 ,die Frage, 11 111 1 11
1111111111 111111 11111111111111111-111111111111111, 1111
11111111111111111111 11111111111 1111111111 11111 11 111111 111111-
111111111111 111, 1111111111 111 81111111111111 C 111111111 Laut 11111-
111111 111111.

11111111 111111 1111 11 11111111111 sein, 11 11111111111111111111
111111 11111111111111111 1 111 1 111 111111111111 1111 111 11, 11 11

¹ 111111111111111111111 ist, den 111111111111111111111 1111 1, seltener
1111111111 11111111 111, 111111 111111111111111111111 1, 1111111 1111
111 111 1111111111 111111111111 1111111 11111 1111111, oder 111 dem Ten
1111111111111111 1 111 111 11111111 1 11111 1 (terh), 11111111 die
1111111111111 Tage die 1111111111 11111111111111111111· 11111111111.

 

