,33,

’ 813113 (133 113311331333, 33 3133333113 (133 (1333313311313 1 3(133 (113 333
(1331331133 33131331333313313 1’ und 3 3131( 33313 33113133, 331333333113
(133 333 (1(33331133 (33331331313 p, π 31333133133 131. ²

13 113133313311333333 3311 (133113331313333 dieser 1131333331333 33131
6331111313 (133 1133133133 q. ,11133111 (133Β331. Alcad. (1. 1113333331.
1839) nach, dass auch (133 (1331331133 3133 3311113313 Tenuis 1313311
313313 13113133 1133311. Ob (333 hiernach (13313131313313 (331 [13313313
O, 111, 31333 3131331333 (3133 31333 3333331333333313133 Laut 333333 3111,
131 313 3131311313 3311331333 11331313311 (Verf. Kri!.1Beitr. S. 52. Krit.
1133113. S. 16). 831311 133333 3131( (1333 (1131]333131333 (113333113133
3331333 331113331131( 13131333133 113133 3333133133133333. ,

1133 1133131313 0 131 333 (1(331133133133 9 3313133133. 1133 Laut
Qv 131 313331331331 333 (133 3311333133 Tenuis K, C, in 33113333

’ 111133 333 (133 13313331131333 KV 13333333333333. 1133 8313111·
3313133 V 113133 91333131331 33133 31313 (3113313131 3331 313331133-
33333133, 3331333 31333131133131133133 13113133 Ν331ι11333, (133
333 3 33(1 3 31333133311333133 3133 31331333 3, 333 33, 3,1
3133331333113331333(133313333ι33331313111333,3311131333-
(1331 3 3133 33 313333 3131331133 u 33311333, 33 (1333 133331333 13
111331313111131111 11333111, 13 33313333 13110133333331133 (331 33-
331313133 33313. 3113 3133 3133331331331 und 3133311331( (133113331-
33333· 31331131333333313313333133 3311333133 Tenuis k 13
(113 1311313 Tenuis p. ⁸

1

G.

1133 13331313 3111133313 133331113331331 (3133 (113 3111133313
1133113 3331313111 131 3133331333, 1311333 33133133( 111313333333 33(1
11131333331333 13 (1331133113113 313 1333311133333111131 3131, (133
(1333 333 (133 (133311 (113 8113333133 333 (133 13333 133333(1313333(133
1311333313333133(Ι (133311333133 31311 313 131 (13313333333133 (133 1133·

’133 k. ’ 1133 [13133331131 13 (133 1131333333 (331 1111131311 (133 8333313·
1333133333 131 (133 1333333313 1131133 13313 13313131 333 (13313, (1333
1313( 31113 811333113133 3311313333 33(1(113 8113133331111131, bein}
k 131133 nicht (1331311131 (s. oben S. 31 f. 331. 11311313, (1333113. d. Phys.
3. 8331333. d. 83333111. S. 4511. 1133 (133 3 131 313111 (113331133333
(13333113 Lanu 33 11331 sich 31313313 313 3313133133 3 33133331311133,
(133 3133, 131 (133333 1333333313 (133 1333311333 31333 331133 333-
31313 13 (133 1331111113 3331( (133 111113 333 (1333333 33(1 13333 33 33·

’ 1111313131. Ein 3313133 131 (133 (13313313 3 (3((1 (133113113313313
31( 333 3 3311 1. 1133 3131333 3, 131 (1331 (13313333111333 331133 31131·
31313 33133133 (1313 1131333133 113311 333 11333333 3131 13333 33111131
31331, 3131 333 (133 1313133 3, 3, 3 3333333133 333 331131. 131
(133 331333331331133 1131333311οά 33133133 31333 (33313333 1, 3 333

 

