-228-

111111111111(11111111111111111111 1111 1111111 111 1111111111 11 11111111
11111111111111111, 1111 1111 31111111111111111111 1111111111, 1111111
Verdoppelung der 8111111111111111111111111, 111 1111 11111111111111
11111111 1111 111111111111111111111 111111; 11111111111111 1111 Ennius di
Consonanten doppelt, 1111 11111 11111111118111111111111111111 11111111
111 1111111111 8111111111 111 111111111111 111 so 111111 [1111111111
81111111111111111.

11 1111111111111111111111 111111111111 1111111 1111 111) 111
folgenden] vokal 1111111111 111111111111 1111111 111111 1111111
81111111111111 ude: ι

111111, Renier, I. 1111139116. 11111111, 11111111. vm, 30.
0111111. N. 6554. 1111, Mur. 1185, 12. 1111 11111
1. 1. (81111111111111. 1. 1119111. 11, 491111)

1111111111111111111111111111111111111111 1 111111 11 111 11111111

1111 1111111111 1111111111, zum Beispiel in:
11111, 11111. 1119112044. · 1111111111,
ducissime, Rev. 11111111. 11. ΙΧ, 212, 6. vol.
Marin. Iscr. Alb. 192, 2. dulcissime¹
SusurariuS‚ Ren. α. 0. 284. 811111111111
1. 1. (811111. a. 0. 496), 1111111111111 111111, dass 111 1111111111
1111111 Β1 1111113 1111 1111111111 1111111111111111 11111 1111111111
111111111 11111111111 Laut 111 1111111111111111 111111111111Ᾰ
1111 1111111111 11111 11111111. 111111 1111111111111111111111111111 Η11311ρ
111, 111111111111111, 11111. 11, 1111. 1. aus-*ah *1111111111
11111111111111 von 111 1111111111 1111111111 111 1 1111111111
· durch 11111131111111111111 ’1111111111 111111111113111111111111 1111111
1111111111111 111· 11111111111111, 111 1111· 111111111111111111111 1111 Ι 111·
111 (0111111. de 11111111 metapl. c. 12. 11111130νί9. 1, 31. 1118111111·
der, Lat. Gr. 1, 291). 111111, 1111 111 11111111111111111 111 1 11 111
81111111 11111111 1111111111111, 11111111 11111 111 111111 1111111111-
mus, 1111111111111 11111 11111111111 1111111111 1111111111, 1111111·
11111 1111 11 111111, 11111 1111111111 111 1111111111 0111111111111 (Dm
Ι p. 448, P. Consem. 1. 11. 111111. a. 11,).

11.

1111111111, 1111111 1111111, 111· 1111111111, 11111111, 11111 111111
111 hungo Ι111111111131111111111111111111 1111111111111 111 2113111
spitze 111111111111111 (111111111111111111 3111111111 111111111111111·

*) Fia 1111 11111 11111111 einer voraugusteisehen 1111111111, G. 1. L. 1, 1³⁴·
1111111111 111 1111 1111111111 811111111111111. Die Beispie1e‚ die 811111111ῑῇ

111 11111111 11111 l voti mit folgenden] 01111111111 beibringt (a. 0. 492) 111
11111111.

 

