-- 186 ›-

16 651 51155156 1511 war 115511 16511515 651 1655116656 5156 ne. die 161-
1151155115665 16161, 66511 116651 51511 116 Ζ511511516558611551156 11115655 da·
1151156 651. 1111 Ζ51151151· 651· 6155511156 6116 655 Cimbernkrieges 5151156 615
11161 1161111511 115, 1151 und 1151 seltener 111 651156 51656651, 6116 5115 6151
1111666 51511116511 111 651 lex Iulia 1661 151115 45 v. chr. zusammen, 6651156,
66551151 1611151155111, 66 115111 56 611666 61 6615161651 5155115161 (qu.
1161161. Ter. Eun. 111, 3, 2. 16511111. Luer. ΙΙ, 134. 11115511, 11115111. Mus. 11111,
483 1.). 1116115656 111656 5651611615115156 1111616666 65166665151551156
1511, 111 1151 11561155111111 1611 Ancyra, 111 656 [61115656 561 615 Turia
666615 1161615, 16 65611555111115566 166 Ρ155 666 16 6511516166666 1611
115651166111665151511 1161· 66, 66 55 16151111 6556611511 515111, 61111566
661156 6515 (Ed. 116161116428. zweimal) sich noch 11115 66651 (Cen.
Pis. Or. 642. 643. 5165111161). Da 65 5156 615 511515 16116151, 16
651 615 86155115 651115551551151115111116651561115111151111, 56115611
1115111 61511565 65166 55111, 11555 51 16 6511561515 5161116111116666565556
61115. 861551111511 61511116 151661, 6555 6511511 651 111151615656656 66161
1151111 16156665151551151 1511 51111 66555111155511511 neque findet 5511
1151 6511 655 8611551156 11115655 16 51156165111111156 (85.6. Bacc. 5111116.
1. Gen. 1. 661. u. α. C. 6, 587, 5. 1 f.) und dass 51115 856151165155 *651665
ganz 6115111611151, 1111111566 116 0516551156 66511 661- 6 651156 ne·p=
Lat. ne·que (Vers. Z. s. 15561. Spr. 111, 330) 666 5115656 161 Umbri·
5511511 nei-p 651156 115·6 5155116161 (ΑΚ. [1111668616. Ι, 31). 11165161
16511 6556, 6555 65 6116 65-15 5115656 566566511151 6111 1566561 e 615.
65-665, 665 666 5665166655 -66 56565111115165 6111 11611561 5 856155-
556 1151656, 65116 6116 111511 zu 6561 85111655 65161111, 6555 55 161 15151·
111551156 5165 66665115 16161 651 11511151661165651111151 gab,
5165 11111. 11611516 1161151 66 666 51115 11111 65515165115611161151
115. 1155 11116 1111616115511511 1161511 111111151551115, 6555 511511 1111 8565-
11111 11511511 116 111111111·151115111 11151551156111 6551516511516 Vo-
1151 1611616611, 115165 11111 1151 1156561666 ,,1115111“, 1661 56511 (115 151·
11566156 8616511511 655 15111516116656611 11111 11611561 161151
5611151556 (Ε (11515516, ,1115 6511116511655155115 11511151 ,,615111“. 11665.
[155618511816. 16 s. Z. s. 55161. 861. VI, 311 f. Curl. 66111.
11. 431. 266. [15111 8565111. 115, 11111. 65 515111 1111551116· in νη-κερ·
δής 6. 5. (a. 11.) 5115615115 11111 6551513511561 161151 561 85115.

[115 51115161111551156 165511111156 1151111 111 115116 1611 656 51116615511511
115656 1665115656 5156 1115 11151151· 561 65111 11516515 1151 115151111551156
86155115 6111116,1 «6511555115 1111515111, 11555, 116 5111 16111 35165555655 66, 6151-
55115161, 1115 111111155-116, 666-65, 561-115,111··6115, 6155, 65-155.
66-151165, 65156665,116-66,116·6-611661, 111·1111, 61·6115, 61-
61166111. 5. 615555 5115 115. 651, 111 65116111 5512Ιῃ 115515165166655·

*) 111555165165 11611515 Auffmung 11116 5156 1166 als 6611511651 aus dem
Absehnitt iiber Vokalkiirzung wegbleihen.

 

