.-31*-

1111111111, 1111111111111111 111111 11111111 11110111111111111 111111111111
11111111, (1111111111 der Physioloqie 11111 8111111111 der Sprackluule„
’3.1-9, 29-31. 11111111, 1111111111 zur verql. Spracles. 11, 291s. Rum-
1111, 1111111111 Gram. 1, sss. 9s. M. 11111111, Vorlesunffen iiber de'e
111111111111111118111111. 11. Ser. S. 118-1295.

811111 11111111111111111 (11111111111111 111111111111111111311 11111111111111
11111111111111111111111111111,1111111111 11111111 je 11111 1111· 111131111111 81111111-
1111111131,1111111111111111111111111111111111111111111111111111111111 1111·-
111111111,111111111111111111111111111111111111,11111111111111181111111-
1111111111111111, 11111 momentana 111111 11111111 1 (1, q) g. 1.
11, p, 1. 111 1111111 11111 1111111311, 11111111 1111 1111111111111111 81111111-
11111 11111131 11111111. 1111111 1111 11111111· 1111111111 1111111111 1111111111
1111111811111111 1111111 11111111, 1111 1111111111,11111111111111111111·
11111111111111111111111111; 1 (1, 1111, 111111111111, 11111111 1111 111ο
111111 811111111111 1111111111, 11111111 1111 11111111· (1111111111 11111111-

311111111181111111.1111111111,,11111111111111.11111111111111111111111·
1111111111 1111111111111111111 g. 11, 11; (81111111,11. (1121131132.

3131143. 45. 11111111, a. 11. S. 130-137). 1111111111111111111 11111111111111·
111111111111111111111111111111 ἄφωνα, 1111 1111111111111111111111. wira 1111
1111111111 1111111111111111 1111· 11111111 1111111111111 11111 Μ11111, 11111-
11111 durch 1111 11111 1111111111111, so dass 1111 111111 111 1111111111· ’
111111 111111 1111 von 1111 811111111111111111 11131111111111 811111111111111 111
1111111111111111111 1111111111 111111, sn 1111111111 1111 11111111111
111111111111(111111111111111),’1111111111111111111111111111(1111111’1,
111121. 31. 35. 51). Miller, 11. 0. S. 137 fi).

1111111 11111 1111811111 11111111111111111111 1111 11 1111 1111111111111 111-
1111111111131. 11111111 111111111111111111, 11111 111111 11111111111111
111111111111111111111111111111111111111111111111111111,1111111111.
111111111111111,1111111111111111111, 11111111,1111111111,1,1,1.
1111111111 11111111 1111 11111 1111111111 811111111111, 111 11111 1111
1111111111111 in 111111 11111111 1111111111 8111111111111111111111111,
1111111111 11111 111111111111 111111111111111111 (1111111111, 1
1111111,,111111118111 81111111111, so dass 1111 111111111111111
seha-ingen 11111 1111, 81111111 11111111, 1111 1111111111 111111· 11111111-
11111111 111111111111111 j, 11111111 1, 1, 1 (11111111, a. 0. S. 30.
11. 11. 11. Mater, a. 0. S. 123—127. 11111, α. 0. 1. 111 s. 303).

11111111111111111111111311111 1111111111 11111111111111 11111111 811111111-
111111 111111· 1111111111 111111111Τ11111 111181111111111111111111 1111111-
bruchen 111111 1111111111, 1111111111111 1111111111111111 1· 11111 1. 111111 ’
11111111111111 11111111 1111 1111111111 1111· 111111111111111 11111 1111

11111111 1111111111 1111111111 1111111111 111111111111111, 111111111111111
1111111111 1111111111, 1111 Laut 1 11111111 canina: 1111· 1111111111).
11111111111111111 1111111311 1111111111 1111811111111111111111 1111111111 11111111111
31111111111111111 11111111111111111111111 11111111 11111111 1111 11111 11 111111111 111-

 

