..lssffi

111111111111 01111111111111 ζ1111111111. ,1111111111111111111111111311 1111111111-
lange sind keineswegs 1111111311111111,1131111111 1111111111 1111111 lange
111111 1111 11111111 111111 11111111111 311111111111 111111111111 und 11111111
11111111111111111 1111111 11111111111111111111. 11111111111111 sich zum Beispiel
1111111111111111111 811111111111111111111 11111111111111111 folgende 811111111-
1111111 (Aufr. 11. 11111111. Umbr. 8111111111,11[.);

1111111111, 111111, sate,

schemeniar, 11111111111, 1111111111,

11111111111111, 1111111111111, 1111111111,

11111111111111111, 1111111111,

1111111111, 1111111.

Β11 1111· 1111111 111111111111111 111111 0111111 1111111· 111111111111111118111111-
111111 111111111111111111 11311111111111111111 Β111111111111ς 1111 11111111111111 11111111
11111 1111 11111 11111111111111111111111111111111 1111111111 11 111111111111 dieses 11111
1111111111 11111111 1111 111111 1111111131 111111 311111111111111111,
¹ als 1111 1111111. 1111111 111111 1111 11111111 111 11111 111111111181111111111111111111
11111 11111111 11 1111111111 11111 111111111111111111111 1111111111111111111111 1111111 11111111
111111111111111, 11111111111111 1111111111111,Γ 1111· 1111 8111111111, 01111111 1111
11111111 1111111111 111111111111111,1 1111· 11111111111311 11111111 11111111111111113 des
1111111111111111111111 11111 1111 111111111111111 11111111111111 11111111 1111111311113111
11. 11111111111111111311111111111, 1111111111 1111111111, 1111111111 111 11 11111111
11111111 langon 1111111111 1111111111] 11111111111111, 11111 111111111111111
1111111111 1111111 11111111 1111311111111111 11111111, 1111 1111 1111 1111311111
81111111111111 311111111111 1111111111 111 (a. 0. Anm. 1). 111 111 1111111111
11111111111111111, 11111 111 1111 111111111111111111111111111111 11111111 Vel-‹lop-
pelung des 111111111111111111111 1111 1111 11111 11111111111111111 8111111111111
8111111111 11111· 111 11111 511111111111111111111111111 111111 11111111111111111-
111111111 1111111111111131111111 11111111111111111111311111 11111111111111 11111111.

111111 die 8111111111111111 81111111 11111111111111 1111 1111111181
gelegentlich durch 111111111111111,1 1111 1111111111111111111111, 1111111111111111113
111111111111111111111 1111 11111111 111111 1111111111. 1111 11111111111 1111111111 11
1111 11111 111111 1111111311111111111 [111111111111 1111111111 1111 11111111 1111111111
(Verf. Z. s. verql. Spr. X, 21. 311 f.) zeugt 1111 11111 11111111 11111 jener
Bezeichnungsweise beiden 8111111111. 1111111111111111111111 auch 1111 1111-
geren 811111111111111111111 111111 1111111111 1111· 1111111111111 81111111 bei
den 8111111111, 1111111181111111111111111 111111, 1111111111 111 111111111111111
111181111111111111111111311 (α. 0. lx, 133).

1111111111111 Oskisch 1111111111 1111111111111111 1111 111131-
zeichnung 1111 1111111131 1111111 111111111111113 1111111111111111111111111181111
(Momms. Unt. 111111. S. 210 s.) 11111 11111 111111111111111 111 1111111111111
111111111111111 1111 1111111111111 11111111111111111 81111111, 11111· 111111 hier
111111 consequent durchgeffihrl. 8111111 111111 1111111111 0111111111 111
111111 111111 1111111 1111111111111 81111111, 1111. 111 1111111111111 1111 111111111111
11111 Capua zeigt 1111111111111111. 111. V, 1111111. 11111. 1111, 1, 111. Momm.

 

