,.. 755 .-

-1111111111111111 11111, 1, 11 111111111111111 8111111111 111181111111111111·-
111111111 111, 111111111111111111111 1111111 111 111111111111111111181111111, 11111
1111· (111111111111111 11 111111111111111111-11, -111, -111 1111111111 111111,
11111111111111111181111111111 11111 111111111111 811111111111 111111111111
11111, 11111 1111111 11111 11111111 111. 111111111111111111111111111111311111
1111 1111 1111111111, 1111 11111111111111 1111111111 11111111 1111 ·1-1 111
8111111111, 1111 1111 11 1111111111111111, 111111111*-11-11, 1-1-111111111-
111, 111 111 11 1111 81111111 -11111111111111111111111 11111111 1111181111·
111111 1 111111111111111111111, 1111111111111111111111111111111111. Eine 111-
31111.1111111111111 1 1111111 11111 81111111 11111 111111111111111 1 111111
111111111111111111 111 1111111111 (1111111111. Ζ. s. 11111. Spr. 111, 2110),
1111111111 111111111111111111 81111111 111111;*) 111 111 11111111111111111111·
den, 111 111 Entstnhnng 1111 11111111 -11 1111111111111111111111111111-11-11
11 11111311111. 111 11111 11111, 11 kann 11111 11111 1111 1111111111111111-
1111 11111 1111 1111111111 1111111111 -11 1111 1111111111 1111111111 111
0111111111 1111111 1111 1111111 -1-11 1111111111111111 1111111111111111111111·
dssnnung 1111 -1 111 81111111 -11 11 1, 1111· 11111 1111111 1111111111 -1·11
(11111111. n. 0.)‚ 1111 1111 11111 1111111111111111111111 nei. -1, -111111 11111-
1111111111 1111111111111 11111 1111111111.

Um 1111111111111,·11111 1111111111 111111111111111111111111 -11, -11 11111
-1, -111111111111111111111 111 -es, ·111, -11 111 0111111111 111 1111
8111111 -111111111111111111 1111111111, 111 111111111111111111, sie 111111 1111111-
11111111 11111 (1111111111 -1-1-11 11111111111, 1111111 111 81111111 1111
ursprnngncn 1111 -11, 1111111111 1111 ·ὄ 1111111111111 11111111 1111 1111111111
1111111111 j 1111111111 111111 (8111111111. 1111111. d. 11111. 1111111. 1111341.
11111111, Ζ. s. 11111. Spr. xvn, 128f.) 111111 111111 111111111111111111 1111
-11, -ae 11111111 -111111111111111181111111 111111111111111111 1111 -1-1-11.
Vnn 11111 11111111 8111111111111111111111 1111111111 11111111111111 111111111-
11111111 1111111 j ist 1111111111 1111 1111 1111111111111 1111 1111111111
811111111111111 1111111111 1111111111 1111111111 111 11111111 1111111111 111-
11111111111111111111111111 1111111111 11111 111 11 11111 1111 11111111111
7111111111111111111111 11111111 11111 111111111111111. 1111 111111 11111111
11111 kann 1111 1111 auch 111111 1111111111111111111 1111111 11111111111111
11111111 111 -11, -11, -1, -1 111 0-111111111 111111 1111 111 -ai, -11 1111
1-11111111111111111111 1111 1111 111111111111111 1111 -οι 11111 -αι, 1111111111
1111111111111 1111 11111111111111 -1-1-11, -1-1-11 1111111111111111111111111.
111 1111 1111111111 (8111111111. 1. (1.1, 111 1111111111 11111 1111111111
(1111111111111’1111111111111111 1111111111 1111111111. 111111111111 For·
1111 1111 1111111111 11111111 111 -ns, -111, -11 111 11111111111111 1111
-1-111 11111111111 11111 1111 Ι11111 111111111111 811111111111111111111111,Γ

-----—.-—-—-

*111111111111111111111 Singularis 111 1-1111111111 111 -11 1111 11111
achon wegen 1111· Liinge 1111 ῑ 111111 ans -1-11 1111111111, 1111 11111 1111111 fiir
Grnnsmnnnn Bnhnnptnng goltoncl 1111111111.

48*

 

