-204-

prule, 161. probe
(Α K. 6661.86166116.11,416), 1166 6161 zum Statum 61616- 1611611616
61616 zu p1·0b0·‚ 1166 161661 616 66616616611661161666111661 hal, das
1611166611, 611611 6666111 16166.

luch 1161 8616116616 11616111 161 1166 66616616666 11 1166

11161116 11161611 6166661166.
’ 86 von 6-6166666116 ,
Sabell. 6616, 616, Lat. 616,
116616, cipro, 66616 16 1161161161161616 1161 8611661,
616, 616.
(Verf. Z. s. 66161861. 11, 1. 21f. 33 25).
Von 61666 1-61661616ε
861611. 1166616, Lal. Florali, vgl. Osk. 1166661, 111666661616.
(a. 1111, 164. 165. 11661616. 0. S. 309).
1166 666666661166166 81666616
861. agino, lat. agonio,
666666, mense,
116, 1616, vgl. 11611. 166, 16161. 116.
(ιι, 1111, 146 f. 164. 165. X, 231.)

616666 161 1616161166166 [11616111 1166 6661666616 11 der 1116111-
161666 6666166666. Es sind uns 6161 nul· 661616 166 1)-61666666
61161166 und zwar:

1161611166, 161. 1166, 11611. 1166,
66161116, 66616616, 66611666,
161166, vgl. 11611. 16611666, 116111. 16116,
6666, 161. 6116 (6161116).

(Verf. 11. Volscor. lina. 6. 91. 23 f. 25).

lla sich 1161111611 1166 6661661661166 11 von 1111611166 66166 16 16-
66161166 1161 86161161, 11611161 6611 16161161616616666166616161,
6661 16 6616166, 1116 16 1161 61616161166166 8611111 1116661 161116·
616666666661116166 61611,1161661666611616 1116 661166666161616 ge· -
66611666 86161116616 8611111 1161 816166 von Crecehio 6611666111·
66111166, 1116 61166166 01131661661111161116116 6111161166161 86166166, 11115.Ι

· lange 1611166 61166166 661 666 6616666666 161616166166 1666161166 61-
66111661 61611, 61166 1116 161611166611661116111161666616, 116616, 616, .
116 6611161666, 661611161, 11666 1166 8616161166 1116 66616616611611

11 1161661166 661 1166 1161166 1161 1161166166 116161166616616 6611 1111161
16111666666616116,1166611161616161661686166166616661611161 ε
1166111666· 116166616611616666616161 6166611166, 661 11661 111 1116 861615
61661161 86161161, 1161161 661111616161166661 vorangegangen warelrl
11611 116111 6161 11661161616166 1161 661 11 6661661661166 Ab«

16111161666 16 1166 1161166166 86166166 616 111611 zu sagon. Dii
6166166611616 Foru} 1166 11161116611666 16 1166 1611666161661661ε
86166166 661 -61 (Rom), Verql. Gratum. 1, 344 1186616161. 0661661111. ΙΙ

Α

 

