-845-

51416, 1411 14611 ’4616 1461 41641611, 4414146111, 4411116411 6146161111611 4451-
5641 1141616 11111465144616511111116114645113 4141 161464144 41144611 11114 4164
14611561 363656161 5546441113 1614111161. -

S. 484, Ζ. 4. 44116144141641 15664461413144614461 61141 4141 64 66114 1, Plane.
True. 444, 2, 231 &Praenestinis conia 614 6466141.

S, 489, Ζ. 2. 341441 8411114111114616111444.1141·1-1.

S. 526, Z. 23. 4446 Ζ11111116614644113 ven pa·pil·io 1144 441114. 464-414-461
51146 4641 1164141641. Ponere, Beitrir'ye zur deutschen Spraelrforselrrmy,

S. 532, Ζ. 33. 4446 11561 36365616 6436646346 161 411 1144611146 465, 141 1446 Zu-
1111116114644113 1461 4461461 1144 841. 41-11-31-44 ,,114114, 561141111141465
3611144451443, 414 144164 3614614“, 1446 rice 346414 ( 4444141141. S. 19), 1654131114
414 und 1611461116414361 1115664634 den Verzug 161144614.

S. 533, Ζ. 34. 1411144-31-161146161144-31-46.

S. 543, Z. 35. Ruga 311114 41 1461661614113146456116111531. 11416-46 4411·
164 1114 531. 11413-61 11. 1. 14111 8111411441. 113-41166561464141,
Wir'rterb. S. 156).

S. 544, Ζ. 2. 446134. Vergilius, C. 4, 598, c. 2.

S. 547, Z. 27. 44656114466146654165665141615461 1114 -1νδα, -ινδη·ν 414 36414
1165 11 16134646561, Ε. 1416511646,161116154416116641, 5411143311 zur
61466411. Lat. Gram. S. 127. 129 s.

S. 562, Z. 1. 41 neuster Zeit 4165113464 6656161 11461461, 1446 6141465113 ven
66314 111 *666314 (Zur Gercle. d. 14664165. Spr. S. 13). 44641611
4411114 36361 144616 51115116, 14111 1446 [1464141656 33111656 64141414111154111-
1461116314614441116416414146111611461 446146641 1146 *661314, *3163134,
*464134 41441461 41111146 11441461 451 11161414134464161 4111416141411411361 cp,
pg, 413, 11654 61 zu 5616444361, 41146111 61 1134, 4164 dieser 1164161 514 zu
61114361 11141146 1111 1161461 1446 33111656 1665 16114 61111164161144361 411 14611
44111146164661 44116411 4411, 6611161 1146666314, 464134 11111461 114654 36-
1114616 614144614 4114161 wie 146 ,,414416514141611 3641114 31111111161 11111 146·
56114, 61 411114646 14641 611 1111411 4414116431 1461 ,,4461165116431113“ 1461 44411-
164114141. 441 ich 146414 1516416, was 46116511643113146144411164164141 111·
1461614141414614441361, 3651461461, 5111461161 14611645611, 16641, 1146111111
3666 1136544656[461466446111116 61346 1144 111361461161611614611611651146-
3611611 444111641641411114611 141114644611644, 141 indere 1111 1446 611111114644
563654 *666314 11165164561, 161611113 465 41 86561611 44614611 64116 wi-
146146311311641615114654146414 11 51114611. 41434 414 11165 8641. 1114611
61414111146114166314, 1441144641 14111641 54111114 1461 446141315614461 11114 44641·
11113 1461 4116111 44411164164141, 116564 ce pi 1411 ,,11411161141114616 44411461*ι
361161611641164431. 0. S. 14). Zu diesem 6145114644611 6144411131161·
11641 316444 3641, wie 6116416414, weil ihm eine Ferre *464134 6416116 111·
3411414464116416464 wie eine 144146141656 *4115114111 4411 *5151114111 (6.
0. S. 9). eber wer 6411114 1146416 3611161 1146 *3163134, *666314 451
1116344641 54144, 51446 11641 161 641611 *464134 14654 11156411165166461
4111164161, 1446 116361 14614114411641516561 5141111461 6444614114611114654 5441·-
4111414141 3666. 4446 ’4411411656 4146454 141165 14461, was Seh. 1134, 1161·
1651444614, 14111313, 631, 413 411 414641416561 1116155146 51114161414111411361
14114, 14111 jede 4461665443113 464144, 164656 564 1461· 6141465113 146144614664-
4611161 feci, pe' 34, cepi, 416 34 1111165161, 11611 6416 4114441113 1461·
1644166 64461146414,14461144 1461 51114361641611 1461 5146414165611 33111656 411
16441461 64144113 414.

S. 562, Ζ. 16. 41416616 116143 36416161, 14611446 4114446416 8651461346441461 161446·
3611461 4411361113654 1144146114641113141113,14111 41461 ,,14161 114 Formen-

 

