-238-

schem Sprachboden 111111 (1111111111 1 1111111111 11111 11111111 wie im
Auslaut 111111 111111111111111111111111 zu 1, 1111111111 (111 1111131111111-
1111111 8111111111 111 (11111 1111111111111111113 1131111111113 (6111111, I). Gramm.
1, 64). Aehnlich 111 111 1111111111 1111111111111111111111111111. 1111111
1111111111111111, 0111111111 11111 (1111111111 1 11 1 3111111111 1111111111
111 (111111111111111111311, wo 11111 r 111 1111111 111131, 111111111111 z

1111 1111111 1111 1111113113111111 (111 1111 1 1111111111111111 (Grimm 1. (1.
111. 1111111.8111111111.1, 103).

Da 1111 (11111111111111, 11111 111 1111111131111111111 1111111, doch
jedonsalls mittelst (111 1111111111 (111 11131 31311 (111 11111111 (111
11111111111111111111 11111 (11111111111111 ’111111 (111(111111111 11111131 111111,
11 31111 11111111 111111111111111113 (1111 zu r im Lateinischen 1111111, (1111
(111 11111111111111111111 11111111111 1111 (111 111111111111 1 jener 1111 (1111
1111111111111111 (11111131 3111111111111(1111111111-11111111,
1111 1111111111 3111 111 (1111 1 (11111111111111 1111111111 11 (111 111111111111·

(111 stelle.

311111111111 1111 (11111111111111 111 11111 (1111]111113113 (11111
1111 11 (1111111111111111111 81111111. 1111111 111111 1111111111 (11111 (111
1111111111 111 11 (1111111111, (11111 11111111111111 1111111111 in:

1111111, Prisc. 1, 45. 11. 1111111111111,
1111111111, 1. 0. 1111111111,
111111111, 1. 0. advocatos,
11111111, 11.-0. advolare,
1111111111, E. 11. Buce. (Ι. I. L. advorsum,
1, 196, 21).
1111111111, Vel. 111111, ,11223211 advorsus,
11111111111, a. (l. C. I. 1.. 1, 1111111111111,
1118, 20. 23.
1111111111, Cato R. R. 138, 1. 1111111111.
11111111111, Calo 11.. 11. 1311, 1. 1111111111,
1111· 1 in:
11111111, 111111. 1, 411. 11111111,
1111111111). 1111111,
111111111, 1111. Buce. C. 1.1.. 1111111111,
1, 1116, 21.
1111111111, 1. 0. 1, 11111, 2. 1111111111.
1111111, 1111. Ι1). 11. 1111111111,

Μ1Μ3Μ

mmmhmhffi. aMmm
11311.1.0. *11311,13311,
Whm

mmm ΨΜΜΜ,

 

