11 ’ u

11111111, t. Gen. 1111111111,1. Gen. s.
oben 8. 363.

1111111111, 1. Gen. 1111111111, 1111111111, 1. oben 8.
316. 365 s.

1111111,1.Ν. 1957. Vitruvius,

11111111, s. oben 8. 1111111, 1. Bam. C. 197, 1111111111. C. 197,

67. 667. 5. 17. 24.

111111,11.0.1.111111 huncine, 1. Ν. 4304. 111111111181111111.

1. 367. 667. 1111111111, C. 1187. Lucius, 1. 8111. 11.

11, s. 11111 8. 366. 111111,1.111111.11111111. 1111.

Ι167. C. 262.

oben S. 315. 366 s.)

[1111111111] 111111111111111111111111 11111 1111 81111111 1111· 01111, 1111111
11 aus den 111111111111111 1111111111, 11111 1111111111118111 111 (ov) 1111111111
11111 3111111111 111111· 1111 111111111111111 111 111 111 11 [1111111111 1111111
1111111111611111111111111, 111111111 11 11111 1111111·11111·1111111; 111111

1111111, 1111111, Ν1111111111,
1111111111, Ν111111·11111111, 11111111,
11111, 11111111, τωῖτο. ’

jungere 0111111111 11111 111111 1111111113 111111111111313111111 11111

m diphthongischen Laut 111 11111111311111111 (1. oben 8. 315). 111-
1111111 0111111111 1111111111, 1111 111 11111 1111111111111 8111111111 1111111311,
auch von 1111 11111111 1111 11111 1111111111 111111111111111111 11111111111 1,
111, Lucius, 1111111111 (1111111111. 11111. 11111. 61111111), 11111111 111-
:h auch 1111 Umgestaltung 1111111 11111111111111111 111111111111 1111111111111111
11111 1111· 1111 0111111111 8111111111 11111111.

1111 111111111111111 111 1111· 11111111111113 1111 (11) 11111111111111111111111
111111111111111 11111 111 11. So 11111111 11111111 1111111111
1.1111111111111,, Umbr. 1111111111,
111. 1111111111,
1. Ν11111111, 11111111. 11111111,
111. Noniae,
11111111, 11111111. 11111, 11111111. 11111.
11111111,1111- 111111,
1111,
11111111.Ι 81111. 1, 64 f. 61. 11, Worlverz.)

wie im 111111111111111, 1111111111 1111 111111111111111 11111111 111111111111111
11111111111111, 11111111 1“1; 111111
11111, 11111, 1111111111,
111111,
1111111111, 1111111νί111, 1111111111. 1111111,
1111. 11111, 11111,

 

